$ANSIBLE_VAULT;1.1;AES256
38326263653862363865663332353265326563623033323839623931373437393136306235666132
6236306463633538633132653131656234356335376165350a336237636437353764306430633133
63316662366332656263323232396531373538353739326665646438303234313034346437376535
6531393835393666610a363134633134363264346537373434323939616662666337336134613966
30663631656234643632366265366534666665393635616239316664393539393461333430333038
65396336366432366232663238303838333630653337323034643035633236633334646138323438
39656262346435623730346465356362323661343563363534613665666664356635653262343935
65393763313966383361616266303138366566393266613066323230356236383938663531653535
32636339343237663232646665653563613863376333343930623230363264626662323637643638
38623836376132613139323333643663326365356664633638366434613265663561353565313035
36316130383866306538626366333161373136636233366232626433616237376539303232386333
38393765343333373062393561386331666562333539366139306238663232333732653564643862
64393735623932326163306139666131636334636331366562656334343865323939383734323531
30336361653538353464373035633135366634643337303765343766373232393939616566323135
65626539636165363361626661383033646136646365663535353135323662363933666436626631
61633663313536623663626362303063643662323236623036323730653233353839663734656632
35363636303861636566646439353532313762346232343133633230376133316432306631616263
63306236353334316434623433383936656261666133356331616634626332656566616137363739
61393132333834396234343236663465353766636264623831616364386661663334313137343931
39383365373335306164346635396362633062636238666430316461346662313531333937343264
32353436373139326465343137393163653464326165393434396462663337343437393835313361
36306133326361613737666536373238373864316462336664386662323339643935356466333361
39626239323964613838323664373130396465313239333461343464613632373261303164363533
63656137613164326664336462316261373865353834333430313864333164373137373838306635
34336330313935633962333266383038316337396538383564333566646231633764616530383337
31363664666165656462383065626535643062383632623537636364356165373037633238613534
303832316362343065636637633565323739
